3,7,2023/10/18,181,129
3,7,2023/10/18,221,149
3,7,2023/10/18,326,149
3,7,2023/10/18,326,149
3,7,2023/10/18,381,149
3,7,2023/10/18,391,149
3,7,2023/10/18,391,149
3,7,2023/10/18,411,134
3,7,2023/10/18,91,149
3,7,2023/10/18,91,149
3,7,2023/10/18,176,149
3,7,2023/10/18,191,149
4,1,2023/10/18,6,149
4,1,2023/10/18,36,119
4,1,2023/10/18,81,124
4,1,2023/10/18,81,139
4,1,2023/10/18,81,149
4,1,2023/10/18,136,144
4,1,2023/10/18,121,69
4,1,2023/10/18,136,149
4,1,2023/10/18,136,149
4,1,2023/10/18,156,149
4,1,2023/10/18,176,149
4,1,2023/10/18,176,149
4,1,2023/10/18,216,149
4,1,2023/10/18,151,79
4,1,2023/10/18,176,149
4,1,2023/10/18,156,149
4,1,2023/10/18,181,44
4,1,2023/10/18,181,94
4,1,2023/10/18,216,149
4,1,2023/10/18,236,149
3,9,2023/10/18,231,119
3,9,2023/10/18,206,109
3,9,2023/10/18,166,149
3,9,2023/10/18,196,149
3,9,2023/10/18,246,149
3,9,2023/10/18,281,149
3,9,2023/10/18,311,149
3,9,2023/10/18,286,44
3,9,2023/10/18,186,149
3,9,2023/10/18,121,149
3,9,2023/10/18,101,149
3,9,2023/10/18,166,149
3,9,2023/10/18,111,149
3,9,2023/10/18,191,84
3,9,2023/10/18,191,84
3,9,2023/10/18,171,149
3,9,2023/10/18,226,149
3,9,2023/10/18,216,149
3,9,2023/10/18,216,149
3,9,2023/10/18,6,149
3,9,2023/10/18,266,149
3,9,2023/10/18,226,149
3,9,2023/10/18,266,149
3,9,2023/10/18,246,149
3,9,2023/10/18,311,149
3,9,2023/10/18,141,149
3,9,2023/10/18,141,149
3,10,2023/10/18,281,149
3,10,2023/10/18,171,149
3,10,2023/10/18,36,149
3,10,2023/10/18,21,149
3,10,2023/10/18,171,149
3,10,2023/10/18,181,149
3,10,2023/10/18,161,79
3,10,2023/10/18,126,114
3,10,2023/10/18,141,149
3,10,2023/10/18,141,149
3,10,2023/10/18,181,149
3,10,2023/10/18,181,149
3,10,2023/10/18,186,69
3,10,2023/10/18,126,119
3,10,2023/10/18,371,149
3,10,2023/10/18,371,149
3,10,2023/10/18,316,149
3,10,2023/10/18,311,134
3,10,2023/10/18,271,149
3,10,2023/10/18,96,149
3,10,2023/10/18,246,149
3,10,2023/10/18,226,69
3,10,2023/10/18,116,104
3,10,2023/10/18,146,149
3,10,2023/10/18,201,149
3,10,2023/10/18,201,149
3,10,2023/10/18,291,139
3,10,2023/10/18,226,69
3,10,2023/10/18,226,69
3,10,2023/10/18,226,69
3,10,2023/10/18,326,149
3,10,2023/10/18,306,149
3,10,2023/10/18,286,149
3,10,2023/10/18,306,149
3,10,2023/10/18,311,109
3,10,2023/10/18,321,149
3,10,2023/10/18,266,79
3,10,2023/10/18,66,149
3,10,2023/10/18,6,149
3,10,2023/10/18,6,149
3,10,2023/10/18,6,149
3,10,2023/10/18,181,149
3,10,2023/10/18,216,149
3,10,2023/10/18,226,149
3,10,2023/10/18,56,149
3,10,2023/10/18,281,149
3,10,2023/10/18,86,54
3,10,2023/10/18,151,119
3,10,2023/10/18,271,149
3,10,2023/10/18,146,149
3,10,2023/10/18,256,149
3,10,2023/10/18,136,149
3,10,2023/10/18,191,149
3,10,2023/10/18,206,139
3,10,2023/10/18,206,149
3,10,2023/10/18,206,149
3,10,2023/10/18,201,149
3,10,2023/10/18,341,149
3,10,2023/10/18,316,79
3,10,2023/10/18,316,79
3,10,2023/10/18,211,149
3,10,2023/10/18,81,149
3,10,2023/10/18,36,149
3,10,2023/10/18,106,149
3,10,2023/10/18,341,149
3,10,2023/10/18,291,149
3,10,2023/10/18,291,149
3,10,2023/10/18,166,149
3,10,2023/10/18,111,149
3,10,2023/10/18,46,149
3,10,2023/10/18,46,149
3,10,2023/10/18,166,149
3,10,2023/10/18,166,149
3,11,2023/10/18,286,149
3,11,2023/10/18,286,149
3,11,2023/10/18,186,94
3,11,2023/10/18,141,149
3,11,2023/10/18,171,149
3,11,2023/10/18,191,149
3,11,2023/10/18,216,149
3,11,2023/10/18,216,149
3,11,2023/10/18,216,149
3,11,2023/10/18,216,149
3,11,2023/10/18,216,149
3,11,2023/10/18,206,104
3,11,2023/10/18,206,114
3,11,2023/10/18,171,149
3,11,2023/10/18,201,79
3,11,2023/10/18,136,149
3,11,2023/10/18,136,149
3,11,2023/10/18,271,84
3,11,2023/10/18,271,144
3,11,2023/10/18,261,134
3,11,2023/10/18,196,149
3,11,2023/10/18,161,149
3,11,2023/10/18,211,99
3,11,2023/10/18,156,149
3,11,2023/10/18,241,149
3,11,2023/10/18,251,149
3,11,2023/10/18,236,149
3,11,2023/10/18,166,149
3,11,2023/10/18,281,139
3,11,2023/10/18,301,149
3,11,2023/10/18,296,149
3,11,2023/10/18,326,149
3,11,2023/10/18,351,114
3,11,2023/10/18,331,149
3,11,2023/10/18,201,149
3,11,2023/10/18,141,149
3,11,2023/10/18,131,129
3,11,2023/10/18,176,84
3,11,2023/10/18,176,149
3,11,2023/10/18,221,149
3,11,2023/10/18,251,149
3,11,2023/10/18,251,149
3,11,2023/10/18,241,149
3,11,2023/10/18,241,149
3,11,2023/10/18,271,149
3,11,2023/10/18,296,149
3,11,2023/10/18,141,149
3,11,2023/10/18,301,149
3,11,2023/10/18,306,149
3,11,2023/10/18,296,149
3,12,2023/10/18,26,149
3,12,2023/10/18,26,149
3,12,2023/10/18,226,149
3,12,2023/10/18,161,119
3,12,2023/10/18,171,149
3,12,2023/10/18,276,149
3,12,2023/10/18,176,44
3,12,2023/10/18,176,44
3,12,2023/10/18,281,59
3,12,2023/10/18,281,114
3,12,2023/10/18,281,114
3,12,2023/10/18,241,94
3,12,2023/10/18,221,89
3,12,2023/10/18,241,149
3,13,2023/10/18,221,149
3,13,2023/10/18,271,149
3,13,2023/10/18,271,149
3,13,2023/10/18,321,99
3,13,2023/10/18,176,149
3,13,2023/10/18,76,149
3,13,2023/10/18,141,49
3,13,2023/10/18,26,149
3,13,2023/10/18,61,149
3,13,2023/10/18,136,149
3,13,2023/10/18,156,149
3,13,2023/10/18,231,149
3,13,2023/10/18,166,139
3,13,2023/10/18,136,149
3,13,2023/10/18,266,74
3,13,2023/10/18,161,149
3,13,2023/10/18,271,149
3,13,2023/10/18,206,79
3,13,2023/10/18,261,84
3,13,2023/10/18,231,149
3,13,2023/10/18,201,149
3,13,2023/10/18,261,84
3,13,2023/10/18,261,84
3,13,2023/10/18,261,84
3,13,2023/10/18,291,149
3,13,2023/10/18,246,144
3,13,2023/10/18,181,109
3,13,2023/10/18,151,149
3,13,2023/10/18,296,149
3,13,2023/10/18,91,149
3,13,2023/10/18,301,149
3,13,2023/10/18,266,149
3,13,2023/10/18,266,149
3,13,2023/10/18,171,149
3,13,2023/10/18,236,149
3,13,2023/10/18,266,149
3,13,2023/10/18,266,149
3,13,2023/10/18,196,149
3,13,2023/10/18,256,79
3,13,2023/10/18,256,79
3,13,2023/10/18,176,149
3,13,2023/10/18,201,149
3,13,2023/10/18,201,149
3,13,2023/10/18,201,149
3,13,2023/10/18,271,149
3,13,2023/10/18,296,149
3,13,2023/10/18,296,149
3,13,2023/10/18,296,149
3,13,2023/10/18,216,149
3,13,2023/10/18,191,149
3,14,2023/10/18,331,149
3,14,2023/10/18,291,149
3,14,2023/10/18,161,149
3,14,2023/10/18,116,89
3,14,2023/10/18,116,124
3,14,2023/10/18,71,149
3,14,2023/10/18,186,149
3,14,2023/10/18,86,64
3,14,2023/10/18,86,64
3,14,2023/10/18,296,149
3,14,2023/10/18,231,79
3,14,2023/10/18,231,79
3,14,2023/10/18,156,134
3,14,2023/10/18,91,134
3,14,2023/10/18,51,149
3,14,2023/10/18,166,149
3,14,2023/10/18,101,79
3,14,2023/10/18,101,79
3,14,2023/10/18,206,149
3,14,2023/10/18,181,59
3,14,2023/10/18,181,119
3,14,2023/10/18,181,149
3,14,2023/10/18,236,149
3,14,2023/10/18,366,149
3,14,2023/10/18,311,79
3,14,2023/10/18,251,149
3,14,2023/10/18,141,149
3,14,2023/10/18,166,149
3,14,2023/10/18,241,149
3,14,2023/10/18,236,149
3,14,2023/10/18,311,149
3,14,2023/10/18,321,149
3,14,2023/10/18,271,139
3,14,2023/10/18,206,149
3,14,2023/10/18,151,149
3,14,2023/10/18,271,149
3,14,2023/10/18,281,149
3,14,2023/10/18,301,149
3,14,2023/10/18,316,149
3,14,2023/10/18,271,149
3,14,2023/10/18,216,139
3,14,2023/10/18,151,149
3,14,2023/10/18,181,149
3,14,2023/10/18,336,149
3,14,2023/10/18,336,149
3,14,2023/10/18,306,149
3,14,2023/10/18,111,149
3,14,2023/10/18,51,149
3,14,2023/10/18,171,149
3,14,2023/10/18,231,144
3,14,2023/10/18,21,149
3,14,2023/10/18,221,114
3,14,2023/10/18,196,149
3,14,2023/10/18,196,149
3,14,2023/10/18,351,144
3,14,2023/10/18,241,149
3,14,2023/10/18,276,149
3,14,2023/10/18,216,149
3,14,2023/10/18,186,99
3,14,2023/10/18,141,149
3,14,2023/10/18,141,149
3,14,2023/10/18,306,149
3,14,2023/10/18,306,149
3,14,2023/10/18,196,149
3,14,2023/10/18,196,149
3,14,2023/10/18,376,149
3,14,2023/10/18,216,149
3,14,2023/10/18,306,149
3,14,2023/10/18,306,149
3,14,2023/10/18,176,149
3,14,2023/10/18,256,139
3,14,2023/10/18,191,149
3,14,2023/10/18,326,149
3,14,2023/10/18,261,114
3,14,2023/10/18,191,149
3,14,2023/10/18,126,149
3,14,2023/10/18,126,149
3,14,2023/10/18,101,69
3,14,2023/10/18,266,149
3,14,2023/10/18,271,134
3,14,2023/10/18,186,104
3,14,2023/10/18,361,149
3,14,2023/10/18,196,149
3,14,2023/10/18,196,149
3,14,2023/10/18,136,144
3,14,2023/10/18,56,149
3,14,2023/10/18,231,149
3,14,2023/10/18,146,149
3,14,2023/10/18,146,149
3,14,2023/10/18,161,149
3,14,2023/10/18,251,149
3,14,2023/10/18,271,149
3,14,2023/10/18,271,149
3,14,2023/10/18,146,149
3,14,2023/10/18,261,149
3,14,2023/10/18,246,149
3,14,2023/10/18,191,149
3,14,2023/10/18,176,149
3,14,2023/10/18,291,149
3,14,2023/10/18,311,129
3,14,2023/10/18,196,149
3,14,2023/10/18,131,149
3,14,2023/10/18,131,149
3,14,2023/10/18,191,149
3,14,2023/10/18,336,149
3,14,2023/10/18,151,149
3,14,2023/10/18,266,149
3,14,2023/10/18,306,149
3,14,2023/10/18,246,149
3,14,2023/10/18,321,149
3,14,2023/10/18,351,149
3,14,2023/10/18,316,149
3,14,2023/10/18,251,149
3,14,2023/10/18,236,149
3,14,2023/10/18,441,149
3,14,2023/10/18,441,149
3,14,2023/10/18,386,99
3,14,2023/10/18,411,149
3,14,2023/10/18,281,149
3,14,2023/10/18,266,149
3,14,2023/10/18,131,149
3,14,2023/10/18,181,74
3,14,2023/10/18,81,149
3,14,2023/10/18,81,149
3,14,2023/10/18,206,149
3,14,2023/10/18,101,149
3,14,2023/10/18,101,149
3,14,2023/10/18,101,149
3,14,2023/10/18,166,104
3,14,2023/10/18,221,149
3,14,2023/10/18,221,149
3,14,2023/10/18,366,149
3,14,2023/10/18,301,44
3,14,2023/10/18,356,109
3,14,2023/10/18,291,119
3,14,2023/10/18,166,149
3,14,2023/10/18,226,84
3,14,2023/10/18,101,149
3,14,2023/10/18,241,149
3,14,2023/10/18,306,149
3,14,2023/10/18,306,149
3,14,2023/10/18,371,64
3,14,2023/10/18,176,149
3,14,2023/10/18,236,84
3,14,2023/10/18,121,149
3,14,2023/10/18,121,149
3,14,2023/10/18,156,149
3,14,2023/10/18,146,149
3,14,2023/10/18,211,149
3,14,2023/10/18,276,149
3,14,2023/10/18,336,149
3,14,2023/10/18,356,149
3,14,2023/10/18,41,149
3,14,2023/10/18,106,79
3,14,2023/10/18,106,79
3,14,2023/10/18,236,149
3,14,2023/10/18,301,129
3,14,2023/10/18,321,149
3,14,2023/10/18,201,149
3,14,2023/10/18,136,149
3,14,2023/10/18,176,149
3,14,2023/10/18,306,149
3,14,2023/10/18,366,149
3,14,2023/10/18,426,149
3,14,2023/10/18,331,124
3,14,2023/10/18,266,149
3,14,2023/10/18,206,149
3,14,2023/10/18,86,149
3,14,2023/10/18,336,149
3,14,2023/10/18,396,149
3,14,2023/10/18,311,149
3,14,2023/10/18,311,149
3,14,2023/10/18,376,79
3,14,2023/10/18,376,79
3,14,2023/10/18,181,149
3,14,2023/10/18,381,149
3,14,2023/10/18,371,149
3,14,2023/10/18,241,149
3,14,2023/10/18,181,149
3,14,2023/10/18,121,149
3,14,2023/10/18,236,149
3,14,2023/10/18,296,149
3,14,2023/10/18,356,149
3,14,2023/10/18,371,149
3,14,2023/10/18,251,149
3,14,2023/10/18,191,149
3,14,2023/10/18,91,89
3,14,2023/10/18,211,149
3,14,2023/10/18,271,149
3,14,2023/10/18,271,149
3,14,2023/10/18,241,149
3,14,2023/10/18,296,149
3,14,2023/10/18,296,149
3,14,2023/10/18,351,149
3,14,2023/10/18,61,149
3,14,2023/10/18,156,149
3,14,2023/10/18,156,149
3,14,2023/10/18,216,149
3,14,2023/10/18,336,149
3,14,2023/10/18,396,149
3,14,2023/10/18,396,149
3,14,2023/10/18,91,149
3,14,2023/10/18,91,149
3,14,2023/10/18,151,84
3,14,2023/10/18,356,149
3,14,2023/10/18,416,149
3,14,2023/10/18,306,149
3,14,2023/10/18,186,149
3,14,2023/10/18,126,149
3,14,2023/10/18,66,149
3,14,2023/10/18,111,99
3,14,2023/10/18,356,149
3,14,2023/10/18,386,149
3,14,2023/10/18,346,149
3,14,2023/10/18,331,149
3,14,2023/10/18,161,134
3,14,2023/10/18,106,149
3,14,2023/10/18,51,54
3,14,2023/10/18,226,149
3,14,2023/10/18,256,149
3,14,2023/10/18,206,149
3,14,2023/10/18,61,149
3,14,2023/10/18,116,89
3,14,2023/10/18,321,149
3,14,2023/10/18,381,149
3,14,2023/10/18,431,89
3,14,2023/10/18,321,149
3,14,2023/10/18,156,149
3,14,2023/10/18,101,149
3,14,2023/10/18,166,149
3,14,2023/10/18,166,149
3,14,2023/10/18,276,149
3,14,2023/10/18,211,149
3,14,2023/10/18,211,149
3,14,2023/10/18,41,149
3,14,2023/10/18,111,99
3,14,2023/10/18,221,149
3,14,2023/10/18,326,134
3,14,2023/10/18,311,149
3,14,2023/10/18,311,149
3,14,2023/10/18,281,149
3,14,2023/10/18,296,149
3,14,2023/10/18,296,149
3,14,2023/10/18,136,149
3,14,2023/10/18,221,149
3,14,2023/10/18,301,149
3,14,2023/10/18,121,149
3,14,2023/10/18,136,149
3,14,2023/10/18,136,149
3,14,2023/10/18,136,149
3,14,2023/10/18,296,149
3,14,2023/10/18,371,149
3,14,2023/10/18,371,149
3,14,2023/10/18,311,149
3,14,2023/10/18,231,149
3,14,2023/10/18,51,149
3,14,2023/10/18,76,149
3,14,2023/10/18,111,149
3,14,2023/10/18,336,149
3,14,2023/10/18,411,149
3,14,2023/10/18,231,149
3,14,2023/10/18,166,149
3,14,2023/10/18,166,149
3,14,2023/10/18,236,149
3,14,2023/10/18,236,149
3,14,2023/10/18,386,149
3,14,2023/10/18,441,149
3,14,2023/10/18,161,149
3,14,2023/10/18,96,149
3,14,2023/10/18,31,149
3,14,2023/10/18,6,149
3,14,2023/10/18,51,149
3,14,2023/10/18,311,149
3,14,2023/10/18,201,149
3,14,2023/10/18,246,129
3,14,2023/10/18,66,149
3,14,2023/10/18,196,44
3,14,2023/10/18,196,44
3,14,2023/10/18,66,149
3,14,2023/10/18,266,149
3,14,2023/10/18,291,149
3,14,2023/10/18,176,149
3,14,2023/10/18,106,149
3,14,2023/10/18,246,149
3,14,2023/10/18,66,149
3,14,2023/10/18,156,149
3,14,2023/10/18,231,149
3,14,2023/10/18,231,149
3,14,2023/10/18,301,149
3,14,2023/10/18,66,149
3,14,2023/10/18,46,149
3,14,2023/10/18,211,149
3,14,2023/10/18,211,149
3,14,2023/10/18,81,49
3,14,2023/10/18,146,119
3,14,2023/10/18,146,119
3,14,2023/10/18,221,149
3,14,2023/10/18,246,149
3,14,2023/10/18,226,149
3,14,2023/10/18,301,149
3,14,2023/10/18,301,149
3,14,2023/10/18,316,79
3,14,2023/10/18,176,84
3,14,2023/10/18,111,44
3,14,2023/10/18,111,64
3,14,2023/10/18,191,99
3,14,2023/10/18,126,149
3,14,2023/10/18,81,149
3,14,2023/10/18,161,104
3,14,2023/10/18,166,149
3,14,2023/10/18,31,149
3,14,2023/10/18,91,149
3,14,2023/10/18,156,149
3,14,2023/10/18,286,149
3,14,2023/10/18,341,149
3,14,2023/10/18,341,149
3,14,2023/10/18,341,149
3,14,2023/10/18,101,149
3,14,2023/10/18,316,149
3,14,2023/10/18,211,149
3,14,2023/10/18,211,149
3,14,2023/10/18,151,149
3,14,2023/10/18,86,109
3,14,2023/10/18,191,149
3,14,2023/10/18,191,149
3,14,2023/10/18,211,149
3,14,2023/10/18,66,149
3,14,2023/10/18,66,149
3,14,2023/10/18,111,149
3,14,2023/10/18,46,149
3,14,2023/10/18,226,149
3,14,2023/10/18,291,149
3,14,2023/10/18,346,149
3,14,2023/10/18,211,149
3,14,2023/10/18,211,149
3,14,2023/10/18,46,149
3,14,2023/10/18,191,149
3,14,2023/10/18,256,149
3,14,2023/10/18,331,149
3,14,2023/10/18,271,79
3,14,2023/10/18,121,149
3,14,2023/10/18,286,149
3,14,2023/10/18,91,149
3,14,2023/10/18,26,149
3,14,2023/10/18,276,149
3,14,2023/10/18,181,134
3,14,2023/10/18,396,149
3,14,2023/10/18,396,149
3,14,2023/10/18,46,149
3,14,2023/10/18,291,149
3,14,2023/10/18,356,149
3,14,2023/10/18,156,149
3,14,2023/10/18,111,149
3,14,2023/10/18,331,149
3,14,2023/10/18,261,109
3,14,2023/10/18,261,109
3,14,2023/10/18,131,134
3,14,2023/10/18,191,149
3,14,2023/10/18,351,149
3,14,2023/10/18,296,149
3,14,2023/10/18,441,149
3,14,2023/10/18,166,149
3,14,2023/10/18,261,149
3,14,2023/10/18,261,149
3,14,2023/10/18,191,149
3,14,2023/10/18,201,149
3,14,2023/10/18,91,109
3,14,2023/10/18,281,149
3,15,2023/10/18,186,149
3,15,2023/10/18,221,149
3,15,2023/10/18,341,149
3,15,2023/10/18,216,149
3,15,2023/10/18,291,59
3,15,2023/10/18,356,149
3,15,2023/10/18,246,149
3,15,2023/10/18,311,79
3,15,2023/10/18,186,149
3,15,2023/10/18,346,149
3,15,2023/10/18,181,149
3,15,2023/10/18,226,79
3,15,2023/10/18,226,149
3,15,2023/10/18,221,149
3,15,2023/10/18,221,149
3,15,2023/10/18,221,149
3,15,2023/10/18,221,149
3,15,2023/10/18,221,149
3,15,2023/10/18,81,149
3,15,2023/10/18,61,149
3,15,2023/10/18,176,149
3,15,2023/10/18,236,149
3,15,2023/10/18,321,124
3,15,2023/10/18,381,149
3,15,2023/10/18,136,149
3,15,2023/10/18,96,149
3,15,2023/10/18,181,149
3,15,2023/10/18,226,149
3,15,2023/10/18,256,149
3,15,2023/10/18,226,149
3,15,2023/10/18,291,149
3,15,2023/10/18,291,149
3,15,2023/10/18,211,149
3,15,2023/10/18,236,149
3,15,2023/10/18,236,149
3,15,2023/10/18,121,149
3,15,2023/10/18,71,84
3,15,2023/10/18,261,149
3,15,2023/10/18,201,84
3,15,2023/10/18,386,149
3,15,2023/10/18,386,149
3,15,2023/10/18,326,84
3,15,2023/10/18,201,149
3,15,2023/10/18,146,149
3,15,2023/10/18,321,149
3,15,2023/10/18,116,149
3,15,2023/10/18,116,149
3,15,2023/10/18,51,129
3,15,2023/10/18,156,149
3,15,2023/10/18,206,149
3,15,2023/10/18,271,149
3,15,2023/10/18,236,149
3,15,2023/10/18,216,149
3,15,2023/10/18,86,149
3,15,2023/10/18,256,149
3,15,2023/10/18,366,64
3,15,2023/10/18,241,129
3,15,2023/10/18,116,149
3,15,2023/10/18,51,149
3,15,2023/10/18,166,144
3,15,2023/10/18,226,149
3,15,2023/10/18,306,149
3,15,2023/10/18,246,84
3,15,2023/10/18,366,149
3,15,2023/10/18,231,149
3,15,2023/10/18,106,149
3,15,2023/10/18,266,149
3,15,2023/10/18,266,149
3,15,2023/10/18,176,149
3,15,2023/10/18,271,149
3,15,2023/10/18,231,149
3,15,2023/10/18,171,149
3,15,2023/10/18,171,149
3,15,2023/10/18,411,149
3,15,2023/10/18,346,79
3,15,2023/10/18,346,79
3,15,2023/10/18,346,79
3,15,2023/10/18,131,149
3,15,2023/10/18,186,84
3,15,2023/10/18,71,149
3,15,2023/10/18,196,149
3,15,2023/10/18,256,149
3,15,2023/10/18,256,149
3,15,2023/10/18,281,149
3,15,2023/10/18,116,149
3,15,2023/10/18,281,149
3,15,2023/10/18,281,149
3,15,2023/10/18,341,149
3,15,2023/10/18,346,149
3,15,2023/10/18,181,149
3,15,2023/10/18,311,69
3,15,2023/10/18,181,149
3,15,2023/10/18,161,149
3,15,2023/10/18,171,149
3,15,2023/10/18,191,109
3,15,2023/10/18,171,149
3,15,2023/10/18,216,149
3,15,2023/10/18,276,149
3,15,2023/10/18,286,134
3,15,2023/10/18,306,149
3,15,2023/10/18,271,149
3,15,2023/10/18,191,149
3,15,2023/10/18,176,149
3,15,2023/10/18,216,149
3,15,2023/10/18,226,149
3,15,2023/10/18,226,149
3,15,2023/10/18,226,149
3,15,2023/10/18,251,49
3,15,2023/10/18,216,149
3,15,2023/10/18,251,149
3,15,2023/10/18,301,149
3,15,2023/10/18,321,149
3,15,2023/10/18,331,149
3,15,2023/10/18,331,149
3,15,2023/10/18,281,149
3,15,2023/10/18,26,149
3,15,2023/10/18,81,149
3,15,2023/10/18,136,149
3,15,2023/10/18,321,149
3,15,2023/10/18,356,149
3,15,2023/10/18,296,84
3,16,2023/10/18,356,149
3,16,2023/10/18,341,149
3,16,2023/10/18,341,149
3,16,2023/10/18,306,149
3,16,2023/10/18,166,149
3,16,2023/10/18,166,149
3,16,2023/10/18,121,149
3,16,2023/10/18,96,149
3,16,2023/10/18,361,149
3,16,2023/10/18,361,149
3,16,2023/10/18,296,79
3,16,2023/10/18,296,79
3,16,2023/10/18,296,149
3,16,2023/10/18,231,149
3,16,2023/10/18,166,149
3,16,2023/10/18,161,149
3,16,2023/10/18,176,149
3,16,2023/10/18,176,149
3,16,2023/10/18,116,149
3,16,2023/10/18,116,149
3,16,2023/10/18,251,149
3,16,2023/10/18,286,64
3,16,2023/10/18,211,129
3,16,2023/10/18,211,134
3,16,2023/10/18,211,149
3,16,2023/10/18,161,149
3,16,2023/10/18,131,124
3,16,2023/10/18,66,54
3,16,2023/10/18,196,149
3,16,2023/10/18,261,149
3,16,2023/10/18,156,149
3,16,2023/10/18,186,74
3,16,2023/10/18,156,149
3,17,2023/10/18,251,149
3,17,2023/10/18,251,149
3,17,2023/10/18,281,89
3,17,2023/10/18,231,149
3,17,2023/10/18,181,104
3,17,2023/10/18,211,149
3,17,2023/10/18,241,124
3,17,2023/10/18,371,149
3,17,2023/10/18,241,124
3,17,2023/10/18,111,149
3,17,2023/10/18,176,79
3,17,2023/10/18,176,79
3,17,2023/10/18,176,79
3,17,2023/10/18,221,149
3,17,2023/10/18,156,79
3,17,2023/10/18,286,149
3,17,2023/10/18,406,149
3,17,2023/10/18,81,149
3,17,2023/10/18,141,84
3,17,2023/10/18,16,149
3,17,2023/10/18,206,149
3,17,2023/10/18,271,149
3,17,2023/10/18,231,149
3,17,2023/10/18,101,149
3,17,2023/10/18,166,79
3,17,2023/10/18,66,149
3,17,2023/10/18,331,149
3,17,2023/10/18,336,54
3,17,2023/10/18,256,149
3,17,2023/10/18,256,149
3,17,2023/10/18,211,149
3,17,2023/10/18,116,149
3,17,2023/10/18,101,149
3,17,2023/10/18,221,149
3,17,2023/10/18,246,149
3,17,2023/10/18,306,149
3,17,2023/10/18,371,149
3,17,2023/10/18,421,149
3,17,2023/10/18,146,149
3,17,2023/10/18,91,149
3,18,2023/10/18,11,149
3,18,2023/10/18,81,149
3,18,2023/10/18,346,149
3,18,2023/10/18,411,144
3,18,2023/10/18,411,144
3,18,2023/10/18,256,149
3,18,2023/10/18,191,149
3,18,2023/10/18,321,149
3,18,2023/10/18,191,149
3,18,2023/10/18,126,149
3,18,2023/10/18,316,149
3,18,2023/10/18,381,149
3,18,2023/10/18,441,114
3,18,2023/10/18,376,149
3,18,2023/10/18,116,149
3,18,2023/10/18,56,149
3,18,2023/10/18,161,149
3,18,2023/10/18,221,94
3,18,2023/10/18,251,149
3,18,2023/10/18,271,149
3,18,2023/10/18,271,149
3,18,2023/10/18,271,149
3,18,2023/10/18,291,89
3,18,2023/10/18,276,134
3,18,2023/10/18,141,69
3,18,2023/10/18,76,149
3,18,2023/10/18,86,149
3,18,2023/10/18,151,149
3,18,2023/10/18,276,149
3,18,2023/10/18,336,149
3,18,2023/10/18,361,149
3,18,2023/10/18,361,149
3,18,2023/10/18,361,149
3,18,2023/10/18,291,149
3,18,2023/10/18,291,149
3,18,2023/10/18,291,149
3,18,2023/10/18,311,79
3,18,2023/10/18,251,149
3,18,2023/10/18,216,149
3,18,2023/10/18,236,134
3,18,2023/10/18,171,149
3,18,2023/10/18,131,139
3,18,2023/10/18,166,149
3,18,2023/10/18,241,129
3,18,2023/10/18,301,64
3,18,2023/10/18,211,144
3,18,2023/10/18,271,149
3,18,2023/10/18,336,149
3,18,2023/10/18,396,149
3,18,2023/10/18,176,149
3,18,2023/10/18,176,149
3,18,2023/10/18,116,149
3,18,2023/10/18,116,149
3,18,2023/10/18,301,149
3,18,2023/10/18,361,149
3,18,2023/10/18,361,149
3,18,2023/10/18,401,149
3,18,2023/10/18,176,149
3,18,2023/10/18,51,149
3,18,2023/10/18,196,79
6,1,2023/10/18,106,149
6,1,2023/10/18,81,149
6,1,2023/10/18,81,149
6,1,2023/10/18,136,104
6,1,2023/10/18,136,149
6,1,2023/10/18,71,149
6,1,2023/10/18,266,149
6,1,2023/10/18,381,74
6,1,2023/10/18,366,149
6,1,2023/10/18,321,149
6,1,2023/10/18,256,149
6,1,2023/10/18,191,84
6,1,2023/10/18,191,79
6,1,2023/10/18,116,149
6,1,2023/10/18,156,99
6,1,2023/10/18,241,144
6,1,2023/10/18,276,149
6,1,2023/10/18,316,149
6,1,2023/10/18,191,149
6,1,2023/10/18,131,149
6,1,2023/10/18,131,149
6,1,2023/10/18,76,149
6,1,2023/10/18,256,149
6,1,2023/10/18,196,84
6,1,2023/10/18,196,84
6,1,2023/10/18,186,149
6,1,2023/10/18,251,79
6,1,2023/10/18,251,79
6,1,2023/10/18,131,149
6,1,2023/10/18,106,149
6,1,2023/10/18,361,149
6,1,2023/10/18,426,149
6,1,2023/10/18,236,129
6,1,2023/10/18,301,59
6,1,2023/10/18,171,149
6,1,2023/10/18,316,149
6,1,2023/10/18,381,149
6,1,2023/10/18,191,149
6,1,2023/10/18,191,149
6,1,2023/10/18,61,149
6,1,2023/10/18,126,79
6,1,2023/10/18,61,149
6,1,2023/10/18,181,149
6,1,2023/10/18,306,149
6,1,2023/10/18,366,149
6,1,2023/10/18,366,149
6,1,2023/10/18,216,94
6,1,2023/10/18,226,149
6,1,2023/10/18,291,149
6,1,2023/10/18,411,149
6,1,2023/10/18,356,84
6,1,2023/10/18,96,129
6,1,2023/10/18,206,84
6,1,2023/10/18,176,149
6,1,2023/10/18,111,149
6,1,2023/10/18,331,149
6,1,2023/10/18,251,149
6,1,2023/10/18,251,149
6,1,2023/10/18,186,149
6,1,2023/10/18,126,149
6,1,2023/10/18,166,149
6,1,2023/10/18,221,149
6,1,2023/10/18,221,149
6,1,2023/10/18,331,149
6,1,2023/10/18,186,149
6,1,2023/10/18,186,149
6,1,2023/10/18,126,149
6,1,2023/10/18,36,149
6,1,2023/10/18,126,149
6,1,2023/10/18,246,149
6,1,2023/10/18,361,149
6,1,2023/10/18,296,149
6,1,2023/10/18,296,149
6,1,2023/10/18,121,149
6,1,2023/10/18,181,149
6,1,2023/10/18,296,149
6,1,2023/10/18,356,149
6,1,2023/10/18,411,149
6,1,2023/10/18,221,149
6,1,2023/10/18,221,149
6,1,2023/10/18,166,149
6,1,2023/10/18,56,149
6,1,2023/10/18,396,149
6,1,2023/10/18,336,84
6,1,2023/10/18,336,84
6,1,2023/10/18,186,149
6,1,2023/10/18,126,149
6,1,2023/10/18,66,149
6,1,2023/10/18,226,149
6,1,2023/10/18,281,149
6,1,2023/10/18,336,149
3,20,2023/10/18,326,149
3,20,2023/10/18,361,74
3,20,2023/10/18,236,149
3,20,2023/10/18,301,79
3,20,2023/10/18,106,134
3,20,2023/10/18,271,149
3,20,2023/10/18,271,149
3,20,2023/10/18,206,79
3,20,2023/10/18,331,149
3,20,2023/10/18,66,149
3,20,2023/10/18,101,149
3,20,2023/10/18,101,149
3,20,2023/10/18,301,149
3,20,2023/10/18,261,79
3,20,2023/10/18,311,44
3,20,2023/10/18,306,109
3,20,2023/10/18,356,149
3,20,2023/10/18,386,99
3,20,2023/10/18,66,149
3,20,2023/10/18,66,149
3,20,2023/10/18,6,149
3,20,2023/10/18,311,149
3,20,2023/10/18,366,149
3,20,2023/10/18,131,149
3,20,2023/10/18,131,149
3,20,2023/10/18,66,149
3,20,2023/10/18,76,149
3,20,2023/10/18,76,149
3,20,2023/10/18,256,149
3,20,2023/10/18,151,149
